41.80132514679971,-66.37737616617351,-131.7679839655261,-123.5408137188367,-37.08742011693582,61.66347113630957,131.7679839655261,123.5408137188367,40
41.80132514679971,-61.66347113630958,-131.7679839655261,-123.5408137188368,-41.80132514679968,66.37737616617358,131.7679839655259,118.8269086889729,40
41.80132514679974,-61.66347113630951,-131.7679839655261,-123.5408137188368,-41.8013251467998,61.66347113630957,131.7679839655261,123.5408137188367,40
41.80132514679968,-61.66347113630954,-131.7679839655261,-123.5408137188367,-41.80132514679974,61.66347113630962,131.7679839655259,123.5408137188369,40
41.80132514679974,-66.37737616617351,-131.7679839655261,-118.8269086889729,-41.8013251467998,61.66347113630962,131.7679839655262,123.5408137188369,40
41.80132514679971,-66.37737616617358,-131.7679839655261,-118.8269086889727,-41.80132514679966,61.66347113630951,131.7679839655259,123.5408137188369,40
41.80132514679971,-66.37737616617349,-127.0540789356622,-123.5408137188366,-41.80132514679971,61.66347113630954,131.7679839655259,123.5408137188369,40
41.80132514679971,-61.66347113630954,-131.7679839655262,-123.5408137188367,-41.80132514679985,66.37737616617355,131.7679839655262,118.826908688973,40
41.80132514679974,-61.66347113630958,-131.7679839655261,-123.5408137188367,-41.8013251467998,66.37737616617352,131.7679839655262,118.8269086889727,40
41.80132514679968,-66.37737616617352,-131.7679839655262,-118.8269086889727,-41.80132514679963,61.66347113630957,131.7679839655258,123.5408137188369,40
